778.000000 0.778000
916.000000 0.916000
794.000000 0.794000
336.000000 0.336000
387.000000 0.387000
493.000000 0.493000
650.000000 0.650000
422.000000 0.422000
363.000000 0.363000
28.000000 0.028000
691.000000 0.691000
60.000000 0.060000
764.000000 0.764000
927.000000 0.927000
541.000000 0.541000
427.000000 0.427000
173.000000 0.173000
737.000000 0.737000
212.000000 0.212000
369.000000 0.369000
568.000000 0.568000
430.000000 0.430000
783.000000 0.783000
531.000000 0.531000
863.000000 0.863000
124.000000 0.124000
68.000000 0.068000
136.000000 0.136000
930.000000 0.930000
803.000000 0.803000
23.000000 0.023000
59.000000 0.059000
70.000000 0.070000
168.000000 0.168000
394.000000 0.394000
457.000000 0.457000
12.000000 0.012000
43.000000 0.043000
230.000000 0.230000
374.000000 0.374000
422.000000 0.422000
920.000000 0.920000
785.000000 0.785000
538.000000 0.538000
199.000000 0.199000
325.000000 0.325000
316.000000 0.316000
371.000000 0.371000
414.000000 0.414000
527.000000 0.527000
92.000000 0.092000
981.000000 0.981000
957.000000 0.957000
874.000000 0.874000
863.000000 0.863000
171.000000 0.171000
997.000000 0.997000
282.000000 0.282000
306.000000 0.306000
926.000000 0.926000
85.000000 0.085000
328.000000 0.328000
337.000000 0.337000
506.000000 0.506000
847.000000 0.847000
730.000000 0.730000
314.000000 0.314000
858.000000 0.858000
125.000000 0.125000
896.000000 0.896000
583.000000 0.583000
546.000000 0.546000
815.000000 0.815000
368.000000 0.368000
435.000000 0.435000
365.000000 0.365000
44.000000 0.044000
751.000000 0.751000
88.000000 0.088000
809.000000 0.809000
277.000000 0.277000
179.000000 0.179000
789.000000 0.789000
585.000000 0.585000
404.000000 0.404000
652.000000 0.652000
755.000000 0.755000
400.000000 0.400000
933.000000 0.933000
61.000000 0.061000
677.000000 0.677000
369.000000 0.369000
740.000000 0.740000
13.000000 0.013000
227.000000 0.227000
587.000000 0.587000
95.000000 0.095000
540.000000 0.540000
796.000000 0.796000
571.000000 0.571000
435.000000 0.435000
379.000000 0.379000
468.000000 0.468000
602.000000 0.602000
98.000000 0.098000
903.000000 0.903000
318.000000 0.318000
493.000000 0.493000
653.000000 0.653000
757.000000 0.757000
302.000000 0.302000
281.000000 0.281000
287.000000 0.287000
442.000000 0.442000
866.000000 0.866000
690.000000 0.690000
445.000000 0.445000
620.000000 0.620000
441.000000 0.441000
730.000000 0.730000
32.000000 0.032000
118.000000 0.118000
98.000000 0.098000
772.000000 0.772000
482.000000 0.482000
676.000000 0.676000
710.000000 0.710000
928.000000 0.928000
568.000000 0.568000
857.000000 0.857000
498.000000 0.498000
354.000000 0.354000
587.000000 0.587000
966.000000 0.966000
307.000000 0.307000
684.000000 0.684000
220.000000 0.220000
625.000000 0.625000
529.000000 0.529000
872.000000 0.872000
733.000000 0.733000
830.000000 0.830000
504.000000 0.504000
20.000000 0.020000
271.000000 0.271000
369.000000 0.369000
709.000000 0.709000
716.000000 0.716000
341.000000 0.341000
150.000000 0.150000
797.000000 0.797000
724.000000 0.724000
619.000000 0.619000
246.000000 0.246000
847.000000 0.847000
452.000000 0.452000
922.000000 0.922000
556.000000 0.556000
380.000000 0.380000
489.000000 0.489000
765.000000 0.765000
229.000000 0.229000
842.000000 0.842000
351.000000 0.351000
194.000000 0.194000
501.000000 0.501000
35.000000 0.035000
765.000000 0.765000
125.000000 0.125000
915.000000 0.915000
988.000000 0.988000
857.000000 0.857000
744.000000 0.744000
492.000000 0.492000
228.000000 0.228000
366.000000 0.366000
860.000000 0.860000
937.000000 0.937000
433.000000 0.433000
552.000000 0.552000
438.000000 0.438000
229.000000 0.229000
276.000000 0.276000
408.000000 0.408000
475.000000 0.475000
122.000000 0.122000
859.000000 0.859000
396.000000 0.396000
30.000000 0.030000
238.000000 0.238000
236.000000 0.236000
794.000000 0.794000
819.000000 0.819000
429.000000 0.429000
144.000000 0.144000
12.000000 0.012000
929.000000 0.929000
530.000000 0.530000
777.000000 0.777000
405.000000 0.405000
444.000000 0.444000
764.000000 0.764000
614.000000 0.614000
539.000000 0.539000
607.000000 0.607000
841.000000 0.841000
905.000000 0.905000
819.000000 0.819000
129.000000 0.129000
689.000000 0.689000
370.000000 0.370000
918.000000 0.918000
918.000000 0.918000
997.000000 0.997000
325.000000 0.325000
744.000000 0.744000
471.000000 0.471000
184.000000 0.184000
491.000000 0.491000
500.000000 0.500000
773.000000 0.773000
726.000000 0.726000
645.000000 0.645000
591.000000 0.591000
506.000000 0.506000
140.000000 0.140000
955.000000 0.955000
787.000000 0.787000
670.000000 0.670000
83.000000 0.083000
543.000000 0.543000
465.000000 0.465000
198.000000 0.198000
508.000000 0.508000
356.000000 0.356000
805.000000 0.805000
349.000000 0.349000
612.000000 0.612000
623.000000 0.623000
829.000000 0.829000
300.000000 0.300000
344.000000 0.344000
747.000000 0.747000
569.000000 0.569000
341.000000 0.341000
423.000000 0.423000
312.000000 0.312000
811.000000 0.811000
606.000000 0.606000
802.000000 0.802000
662.000000 0.662000
731.000000 0.731000
879.000000 0.879000
306.000000 0.306000
321.000000 0.321000
737.000000 0.737000
445.000000 0.445000
627.000000 0.627000
523.000000 0.523000
466.000000 0.466000
709.000000 0.709000
417.000000 0.417000
283.000000 0.283000
259.000000 0.259000
925.000000 0.925000
638.000000 0.638000
63.000000 0.063000
625.000000 0.625000
601.000000 0.601000
37.000000 0.037000
453.000000 0.453000
900.000000 0.900000
380.000000 0.380000
551.000000 0.551000
469.000000 0.469000
72.000000 0.072000
974.000000 0.974000
132.000000 0.132000
882.000000 0.882000
931.000000 0.931000
934.000000 0.934000
895.000000 0.895000
661.000000 0.661000
164.000000 0.164000
200.000000 0.200000
982.000000 0.982000
900.000000 0.900000
997.000000 0.997000
960.000000 0.960000
774.000000 0.774000
814.000000 0.814000
669.000000 0.669000
191.000000 0.191000
96.000000 0.096000
927.000000 0.927000
